0.0 2.0 4.0 6.0 8.0 10.0 15.0 20.0 25.0 30.0 35.0 40.0 45.0 50.0 55.0 60.0 
2.6055 2.6415 2.6774 2.6312 2.4949 2.3517 2.2916 2.3536 2.4999 2.6460 2.7074 2.6460 2.4999 2.3536 2.2915 2.3517 2.4948 2.6312 2.6774 2.6418 2.6069 
2.6414 2.6800 2.7391 2.6800 2.5019 2.3200 2.2427 2.3200 2.5000 2.6800 2.7571 2.6800 2.5000 2.3200 2.2427 2.3200 2.5019 2.6800 2.7390 2.6800 2.6419 
2.6773 2.7391 2.8000 2.7116 2.5030 2.2920 2.2000 2.2911 2.5000 2.7089 2.8000 2.7089 2.5000 2.2911 2.2000 2.2920 2.5030 2.7116 2.8000 2.7390 2.6774 
2.6312 2.6800 2.7116 2.6800 2.5012 2.3200 2.2792 2.3200 2.5000 2.6800 2.7206 2.6800 2.5000 2.3200 2.2792 2.3200 2.5012 2.6800 2.7116 2.6800 2.6312 
2.4948 2.5019 2.5030 2.5012 2.5000 2.4990 2.4989 2.4991 2.5000 2.5009 2.5010 2.5009 2.5000 2.4991 2.4989 2.4990 2.5000 2.5012 2.5030 2.5019 2.4948 
2.3517 2.3200 2.2920 2.3200 2.4990 2.6800 2.7198 2.6800 2.5000 2.3200 2.2802 2.3200 2.5000 2.6800 2.7198 2.6800 2.4990 2.3200 2.2920 2.3200 2.3517 
2.2916 2.2427 2.2000 2.2792 2.4989 2.7198 2.8000 2.7201 2.5000 2.2799 2.2000 2.2799 2.5000 2.7201 2.8000 2.7198 2.4989 2.2792 2.2000 2.2427 2.2915 
2.3536 2.3200 2.2911 2.3200 2.4991 2.6800 2.7201 2.6800 2.5000 2.3200 2.2800 2.3200 2.5000 2.6800 2.7201 2.6800 2.4991 2.3200 2.2911 2.3200 2.3536 
2.4999 2.5000 2.5000 2.5000 2.5000 2.5000 2.5000 2.5000 2.5000 2.5000 2.5000 2.5000 2.5000 2.5000 2.5000 2.5000 2.5000 2.5000 2.5000 2.5000 2.4999 
2.6460 2.6800 2.7089 2.6800 2.5009 2.3200 2.2799 2.3200 2.5000 2.6800 2.7200 2.6800 2.5000 2.3200 2.2799 2.3200 2.5009 2.6800 2.7089 2.6800 2.6460 
2.7074 2.7571 2.8000 2.7206 2.5010 2.2802 2.2000 2.2800 2.5000 2.7200 2.8000 2.7200 2.5000 2.2800 2.2000 2.2802 2.5010 2.7206 2.8000 2.7571 2.7074 
2.6460 2.6800 2.7089 2.6800 2.5009 2.3200 2.2799 2.3200 2.5000 2.6800 2.7200 2.6800 2.5000 2.3200 2.2799 2.3200 2.5009 2.6800 2.7089 2.6800 2.6460 
2.4999 2.5000 2.5000 2.5000 2.5000 2.5000 2.5000 2.5000 2.5000 2.5000 2.5000 2.5000 2.5000 2.5000 2.5000 2.5000 2.5000 2.5000 2.5000 2.5000 2.4999 
2.3536 2.3200 2.2911 2.3200 2.4991 2.6800 2.7201 2.6800 2.5000 2.3200 2.2800 2.3200 2.5000 2.6800 2.7201 2.6800 2.4991 2.3200 2.2911 2.3200 2.3536 
2.2916 2.2427 2.2000 2.2792 2.4989 2.7198 2.8000 2.7201 2.5000 2.2799 2.2000 2.2799 2.5000 2.7201 2.8000 2.7198 2.4989 2.2792 2.2000 2.2427 2.2916 
2.3517 2.3200 2.2920 2.3200 2.4990 2.6800 2.7198 2.6800 2.5000 2.3200 2.2802 2.3200 2.5000 2.6800 2.7198 2.6800 2.4990 2.3200 2.2920 2.3200 2.3517 
2.4948 2.5019 2.5030 2.5012 2.5000 2.4990 2.4989 2.4991 2.5000 2.5009 2.5010 2.5009 2.5000 2.4991 2.4989 2.4990 2.5000 2.5012 2.5030 2.5019 2.4949 
2.6312 2.6800 2.7116 2.6800 2.5012 2.3200 2.2792 2.3200 2.5000 2.6800 2.7206 2.6800 2.5000 2.3200 2.2792 2.3200 2.5012 2.6800 2.7116 2.6800 2.6312 
2.6774 2.7391 2.8000 2.7116 2.5030 2.2920 2.2000 2.2911 2.5000 2.7089 2.8000 2.7089 2.5000 2.2911 2.2000 2.2920 2.5030 2.7116 2.8000 2.7391 2.6774 
2.6414 2.6800 2.7391 2.6800 2.5019 2.3200 2.2427 2.3200 2.5000 2.6800 2.7571 2.6800 2.5000 2.3200 2.2427 2.3200 2.5019 2.6800 2.7391 2.6800 2.6415 
2.6055 2.6414 2.6774 2.6312 2.4948 2.3517 2.2916 2.3536 2.4999 2.6460 2.7074 2.6460 2.4999 2.3536 2.2916 2.3517 2.4948 2.6312 2.6773 2.6414 2.6056 
2.6455 2.6815 2.7174 2.6712 2.5349 2.3917 2.3316 2.3936 2.5399 2.6860 2.7474 2.6860 2.5399 2.3936 2.3315 2.3917 2.5348 2.6712 2.7174 2.6818 2.6469 
2.6814 2.7200 2.7791 2.7200 2.5419 2.3600 2.2827 2.3600 2.5400 2.7200 2.7971 2.7200 2.5400 2.3600 2.2827 2.3600 2.5419 2.7200 2.7790 2.7200 2.6819 
2.7173 2.7791 2.8400 2.7516 2.5430 2.3320 2.2400 2.3311 2.5400 2.7489 2.8400 2.7489 2.5400 2.3311 2.2400 2.3320 2.5430 2.7516 2.8400 2.7790 2.7174 
2.6712 2.7200 2.7516 2.7200 2.5412 2.3600 2.3192 2.3600 2.5400 2.7200 2.7606 2.7200 2.5400 2.3600 2.3192 2.3600 2.5412 2.7200 2.7516 2.7200 2.6712 
2.5348 2.5419 2.5430 2.5412 2.5400 2.5390 2.5389 2.5391 2.5400 2.5409 2.5410 2.5409 2.5400 2.5391 2.5389 2.5390 2.5400 2.5412 2.5430 2.5419 2.5348 
2.3917 2.3600 2.3320 2.3600 2.5390 2.7200 2.7598 2.7200 2.5400 2.3600 2.3202 2.3600 2.5400 2.7200 2.7598 2.7200 2.5390 2.3600 2.3320 2.3600 2.3917 
2.3316 2.2827 2.2400 2.3192 2.5389 2.7598 2.8400 2.7601 2.5400 2.3199 2.2400 2.3199 2.5400 2.7601 2.8400 2.7598 2.5389 2.3192 2.2400 2.2827 2.3315 
2.3936 2.3600 2.3311 2.3600 2.5391 2.7200 2.7601 2.7200 2.5400 2.3600 2.3200 2.3600 2.5400 2.7200 2.7601 2.7200 2.5391 2.3600 2.3311 2.3600 2.3936 
2.5399 2.5400 2.5400 2.5400 2.5400 2.5400 2.5400 2.5400 2.5400 2.5400 2.5400 2.5400 2.5400 2.5400 2.5400 2.5400 2.5400 2.5400 2.5400 2.5400 2.5399 
2.6860 2.7200 2.7489 2.7200 2.5409 2.3600 2.3199 2.3600 2.5400 2.7200 2.7600 2.7200 2.5400 2.3600 2.3199 2.3600 2.5409 2.7200 2.7489 2.7200 2.6860 
2.7474 2.7971 2.8400 2.7606 2.5410 2.3202 2.2400 2.3200 2.5400 2.7600 2.8400 2.7600 2.5400 2.3200 2.2400 2.3202 2.5410 2.7606 2.8400 2.7971 2.7474 
2.6860 2.7200 2.7489 2.7200 2.5409 2.3600 2.3199 2.3600 2.5400 2.7200 2.7600 2.7200 2.5400 2.3600 2.3199 2.3600 2.5409 2.7200 2.7489 2.7200 2.6860 
2.5399 2.5400 2.5400 2.5400 2.5400 2.5400 2.5400 2.5400 2.5400 2.5400 2.5400 2.5400 2.5400 2.5400 2.5400 2.5400 2.5400 2.5400 2.5400 2.5400 2.5399 
2.3936 2.3600 2.3311 2.3600 2.5391 2.7200 2.7601 2.7200 2.5400 2.3600 2.3200 2.3600 2.5400 2.7200 2.7601 2.7200 2.5391 2.3600 2.3311 2.3600 2.3936 
2.3316 2.2827 2.2400 2.3192 2.5389 2.7598 2.8400 2.7601 2.5400 2.3199 2.2400 2.3199 2.5400 2.7601 2.8400 2.7598 2.5389 2.3192 2.2400 2.2827 2.3316 
2.3917 2.3600 2.3320 2.3600 2.5390 2.7200 2.7598 2.7200 2.5400 2.3600 2.3202 2.3600 2.5400 2.7200 2.7598 2.7200 2.5390 2.3600 2.3320 2.3600 2.3917 
2.5348 2.5419 2.5430 2.5412 2.5400 2.5390 2.5389 2.5391 2.5400 2.5409 2.5410 2.5409 2.5400 2.5391 2.5389 2.5390 2.5400 2.5412 2.5430 2.5419 2.5349 
2.6712 2.7200 2.7516 2.7200 2.5412 2.3600 2.3192 2.3600 2.5400 2.7200 2.7606 2.7200 2.5400 2.3600 2.3192 2.3600 2.5412 2.7200 2.7516 2.7200 2.6712 
2.7174 2.7791 2.8400 2.7516 2.5430 2.3320 2.2400 2.3311 2.5400 2.7489 2.8400 2.7489 2.5400 2.3311 2.2400 2.3320 2.5430 2.7516 2.8400 2.7791 2.7174 
2.6814 2.7200 2.7791 2.7200 2.5419 2.3600 2.2827 2.3600 2.5400 2.7200 2.7971 2.7200 2.5400 2.3600 2.2827 2.3600 2.5419 2.7200 2.7791 2.7200 2.6815 
2.6455 2.6814 2.7174 2.6712 2.5348 2.3917 2.3316 2.3936 2.5399 2.6860 2.7474 2.6860 2.5399 2.3936 2.3316 2.3917 2.5348 2.6712 2.7173 2.6814 2.6456 
2.6855 2.7215 2.7574 2.7112 2.5749 2.4317 2.3716 2.4336 2.5799 2.7260 2.7874 2.7260 2.5799 2.4336 2.3715 2.4317 2.5748 2.7112 2.7574 2.7218 2.6869 
2.7214 2.7600 2.8191 2.7600 2.5819 2.4000 2.3227 2.4000 2.5800 2.7600 2.8371 2.7600 2.5800 2.4000 2.3227 2.4000 2.5819 2.7600 2.8190 2.7600 2.7219 
2.7573 2.8191 2.8800 2.7916 2.5830 2.3720 2.2800 2.3711 2.5800 2.7889 2.8800 2.7889 2.5800 2.3711 2.2800 2.3720 2.5830 2.7916 2.8800 2.8190 2.7574 
2.7112 2.7600 2.7916 2.7600 2.5812 2.4000 2.3592 2.4000 2.5800 2.7600 2.8006 2.7600 2.5800 2.4000 2.3592 2.4000 2.5812 2.7600 2.7916 2.7600 2.7112 
2.5748 2.5819 2.5830 2.5812 2.5800 2.5790 2.5789 2.5791 2.5800 2.5809 2.5810 2.5809 2.5800 2.5791 2.5789 2.5790 2.5800 2.5812 2.5830 2.5819 2.5748 
2.4317 2.4000 2.3720 2.4000 2.5790 2.7600 2.7998 2.7600 2.5800 2.4000 2.3602 2.4000 2.5800 2.7600 2.7998 2.7600 2.5790 2.4000 2.3720 2.4000 2.4317 
2.3716 2.3227 2.2800 2.3592 2.5789 2.7998 2.8800 2.8001 2.5800 2.3599 2.2800 2.3599 2.5800 2.8001 2.8800 2.7998 2.5789 2.3592 2.2800 2.3227 2.3715 
2.4336 2.4000 2.3711 2.4000 2.5791 2.7600 2.8001 2.7600 2.5800 2.4000 2.3600 2.4000 2.5800 2.7600 2.8001 2.7600 2.5791 2.4000 2.3711 2.4000 2.4336 
2.5799 2.5800 2.5800 2.5800 2.5800 2.5800 2.5800 2.5800 2.5800 2.5800 2.5800 2.5800 2.5800 2.5800 2.5800 2.5800 2.5800 2.5800 2.5800 2.5800 2.5799 
2.7260 2.7600 2.7889 2.7600 2.5809 2.4000 2.3599 2.4000 2.5800 2.7600 2.8000 2.7600 2.5800 2.4000 2.3599 2.4000 2.5809 2.7600 2.7889 2.7600 2.7260 
2.7874 2.8371 2.8800 2.8006 2.5810 2.3602 2.2800 2.3600 2.5800 2.8000 2.8800 2.8000 2.5800 2.3600 2.2800 2.3602 2.5810 2.8006 2.8800 2.8371 2.7874 
2.7260 2.7600 2.7889 2.7600 2.5809 2.4000 2.3599 2.4000 2.5800 2.7600 2.8000 2.7600 2.5800 2.4000 2.3599 2.4000 2.5809 2.7600 2.7889 2.7600 2.7260 
2.5799 2.5800 2.5800 2.5800 2.5800 2.5800 2.5800 2.5800 2.5800 2.5800 2.5800 2.5800 2.5800 2.5800 2.5800 2.5800 2.5800 2.5800 2.5800 2.5800 2.5799 
2.4336 2.4000 2.3711 2.4000 2.5791 2.7600 2.8001 2.7600 2.5800 2.4000 2.3600 2.4000 2.5800 2.7600 2.8001 2.7600 2.5791 2.4000 2.3711 2.4000 2.4336 
2.3716 2.3227 2.2800 2.3592 2.5789 2.7998 2.8800 2.8001 2.5800 2.3599 2.2800 2.3599 2.5800 2.8001 2.8800 2.7998 2.5789 2.3592 2.2800 2.3227 2.3716 
2.4317 2.4000 2.3720 2.4000 2.5790 2.7600 2.7998 2.7600 2.5800 2.4000 2.3602 2.4000 2.5800 2.7600 2.7998 2.7600 2.5790 2.4000 2.3720 2.4000 2.4317 
2.5748 2.5819 2.5830 2.5812 2.5800 2.5790 2.5789 2.5791 2.5800 2.5809 2.5810 2.5809 2.5800 2.5791 2.5789 2.5790 2.5800 2.5812 2.5830 2.5819 2.5749 
2.7112 2.7600 2.7916 2.7600 2.5812 2.4000 2.3592 2.4000 2.5800 2.7600 2.8006 2.7600 2.5800 2.4000 2.3592 2.4000 2.5812 2.7600 2.7916 2.7600 2.7112 
2.7574 2.8191 2.8800 2.7916 2.5830 2.3720 2.2800 2.3711 2.5800 2.7889 2.8800 2.7889 2.5800 2.3711 2.2800 2.3720 2.5830 2.7916 2.8800 2.8191 2.7574 
2.7214 2.7600 2.8191 2.7600 2.5819 2.4000 2.3227 2.4000 2.5800 2.7600 2.8371 2.7600 2.5800 2.4000 2.3227 2.4000 2.5819 2.7600 2.8191 2.7600 2.7215 
2.6855 2.7214 2.7574 2.7112 2.5748 2.4317 2.3716 2.4336 2.5799 2.7260 2.7874 2.7260 2.5799 2.4336 2.3716 2.4317 2.5748 2.7112 2.7573 2.7214 2.6856 
2.7255 2.7615 2.7974 2.7512 2.6149 2.4717 2.4116 2.4736 2.6199 2.7660 2.8274 2.7660 2.6199 2.4736 2.4115 2.4717 2.6148 2.7512 2.7974 2.7618 2.7269 
2.7614 2.8000 2.8591 2.8000 2.6219 2.4400 2.3627 2.4400 2.6200 2.8000 2.8771 2.8000 2.6200 2.4400 2.3627 2.4400 2.6219 2.8000 2.8590 2.8000 2.7619 
2.7973 2.8591 2.9200 2.8316 2.6230 2.4120 2.3200 2.4111 2.6200 2.8289 2.9200 2.8289 2.6200 2.4111 2.3200 2.4120 2.6230 2.8316 2.9200 2.8590 2.7974 
2.7512 2.8000 2.8316 2.8000 2.6212 2.4400 2.3992 2.4400 2.6200 2.8000 2.8406 2.8000 2.6200 2.4400 2.3992 2.4400 2.6212 2.8000 2.8316 2.8000 2.7512 
2.6148 2.6219 2.6230 2.6212 2.6200 2.6190 2.6189 2.6191 2.6200 2.6209 2.6210 2.6209 2.6200 2.6191 2.6189 2.6190 2.6200 2.6212 2.6230 2.6219 2.6148 
2.4717 2.4400 2.4120 2.4400 2.6190 2.8000 2.8398 2.8000 2.6200 2.4400 2.4002 2.4400 2.6200 2.8000 2.8398 2.8000 2.6190 2.4400 2.4120 2.4400 2.4717 
2.4116 2.3627 2.3200 2.3992 2.6189 2.8398 2.9200 2.8401 2.6200 2.3999 2.3200 2.3999 2.6200 2.8401 2.9200 2.8398 2.6189 2.3992 2.3200 2.3627 2.4115 
2.4736 2.4400 2.4111 2.4400 2.6191 2.8000 2.8401 2.8000 2.6200 2.4400 2.4000 2.4400 2.6200 2.8000 2.8401 2.8000 2.6191 2.4400 2.4111 2.4400 2.4736 
2.6199 2.6200 2.6200 2.6200 2.6200 2.6200 2.6200 2.6200 2.6200 2.6200 2.6200 2.6200 2.6200 2.6200 2.6200 2.6200 2.6200 2.6200 2.6200 2.6200 2.6199 
2.7660 2.8000 2.8289 2.8000 2.6209 2.4400 2.3999 2.4400 2.6200 2.8000 2.8400 2.8000 2.6200 2.4400 2.3999 2.4400 2.6209 2.8000 2.8289 2.8000 2.7660 
2.8274 2.8771 2.9200 2.8406 2.6210 2.4002 2.3200 2.4000 2.6200 2.8400 2.9200 2.8400 2.6200 2.4000 2.3200 2.4002 2.6210 2.8406 2.9200 2.8771 2.8274 
2.7660 2.8000 2.8289 2.8000 2.6209 2.4400 2.3999 2.4400 2.6200 2.8000 2.8400 2.8000 2.6200 2.4400 2.3999 2.4400 2.6209 2.8000 2.8289 2.8000 2.7660 
2.6199 2.6200 2.6200 2.6200 2.6200 2.6200 2.6200 2.6200 2.6200 2.6200 2.6200 2.6200 2.6200 2.6200 2.6200 2.6200 2.6200 2.6200 2.6200 2.6200 2.6199 
2.4736 2.4400 2.4111 2.4400 2.6191 2.8000 2.8401 2.8000 2.6200 2.4400 2.4000 2.4400 2.6200 2.8000 2.8401 2.8000 2.6191 2.4400 2.4111 2.4400 2.4736 
2.4116 2.3627 2.3200 2.3992 2.6189 2.8398 2.9200 2.8401 2.6200 2.3999 2.3200 2.3999 2.6200 2.8401 2.9200 2.8398 2.6189 2.3992 2.3200 2.3627 2.4116 
2.4717 2.4400 2.4120 2.4400 2.6190 2.8000 2.8398 2.8000 2.6200 2.4400 2.4002 2.4400 2.6200 2.8000 2.8398 2.8000 2.6190 2.4400 2.4120 2.4400 2.4717 
2.6148 2.6219 2.6230 2.6212 2.6200 2.6190 2.6189 2.6191 2.6200 2.6209 2.6210 2.6209 2.6200 2.6191 2.6189 2.6190 2.6200 2.6212 2.6230 2.6219 2.6149 
2.7512 2.8000 2.8316 2.8000 2.6212 2.4400 2.3992 2.4400 2.6200 2.8000 2.8406 2.8000 2.6200 2.4400 2.3992 2.4400 2.6212 2.8000 2.8316 2.8000 2.7512 
2.7974 2.8591 2.9200 2.8316 2.6230 2.4120 2.3200 2.4111 2.6200 2.8289 2.9200 2.8289 2.6200 2.4111 2.3200 2.4120 2.6230 2.8316 2.9200 2.8591 2.7974 
2.7614 2.8000 2.8591 2.8000 2.6219 2.4400 2.3627 2.4400 2.6200 2.8000 2.8771 2.8000 2.6200 2.4400 2.3627 2.4400 2.6219 2.8000 2.8591 2.8000 2.7615 
2.7255 2.7614 2.7974 2.7512 2.6148 2.4717 2.4116 2.4736 2.6199 2.7660 2.8274 2.7660 2.6199 2.4736 2.4116 2.4717 2.6148 2.7512 2.7973 2.7614 2.7256 
2.7655 2.8015 2.8374 2.7912 2.6549 2.5117 2.4516 2.5136 2.6599 2.8060 2.8674 2.8060 2.6599 2.5136 2.4515 2.5117 2.6548 2.7912 2.8374 2.8018 2.7669 
2.8014 2.8400 2.8991 2.8400 2.6619 2.4800 2.4027 2.4800 2.6600 2.8400 2.9171 2.8400 2.6600 2.4800 2.4027 2.4800 2.6619 2.8400 2.8990 2.8400 2.8019 
2.8373 2.8991 2.9600 2.8716 2.6630 2.4520 2.3600 2.4511 2.6600 2.8689 2.9600 2.8689 2.6600 2.4511 2.3600 2.4520 2.6630 2.8716 2.9600 2.8990 2.8374 
2.7912 2.8400 2.8716 2.8400 2.6612 2.4800 2.4392 2.4800 2.6600 2.8400 2.8806 2.8400 2.6600 2.4800 2.4392 2.4800 2.6612 2.8400 2.8716 2.8400 2.7912 
2.6548 2.6619 2.6630 2.6612 2.6600 2.6590 2.6589 2.6591 2.6600 2.6609 2.6610 2.6609 2.6600 2.6591 2.6589 2.6590 2.6600 2.6612 2.6630 2.6619 2.6548 
2.5117 2.4800 2.4520 2.4800 2.6590 2.8400 2.8798 2.8400 2.6600 2.4800 2.4402 2.4800 2.6600 2.8400 2.8798 2.8400 2.6590 2.4800 2.4520 2.4800 2.5117 
2.4516 2.4027 2.3600 2.4392 2.6589 2.8798 2.9600 2.8801 2.6600 2.4399 2.3600 2.4399 2.6600 2.8801 2.9600 2.8798 2.6589 2.4392 2.3600 2.4027 2.4515 
2.5136 2.4800 2.4511 2.4800 2.6591 2.8400 2.8801 2.8400 2.6600 2.4800 2.4400 2.4800 2.6600 2.8400 2.8801 2.8400 2.6591 2.4800 2.4511 2.4800 2.5136 
2.6599 2.6600 2.6600 2.6600 2.6600 2.6600 2.6600 2.6600 2.6600 2.6600 2.6600 2.6600 2.6600 2.6600 2.6600 2.6600 2.6600 2.6600 2.6600 2.6600 2.6599 
2.8060 2.8400 2.8689 2.8400 2.6609 2.4800 2.4399 2.4800 2.6600 2.8400 2.8800 2.8400 2.6600 2.4800 2.4399 2.4800 2.6609 2.8400 2.8689 2.8400 2.8060 
2.8674 2.9171 2.9600 2.8806 2.6610 2.4402 2.3600 2.4400 2.6600 2.8800 2.9600 2.8800 2.6600 2.4400 2.3600 2.4402 2.6610 2.8806 2.9600 2.9171 2.8674 
2.8060 2.8400 2.8689 2.8400 2.6609 2.4800 2.4399 2.4800 2.6600 2.8400 2.8800 2.8400 2.6600 2.4800 2.4399 2.4800 2.6609 2.8400 2.8689 2.8400 2.8060 
2.6599 2.6600 2.6600 2.6600 2.6600 2.6600 2.6600 2.6600 2.6600 2.6600 2.6600 2.6600 2.6600 2.6600 2.6600 2.6600 2.6600 2.6600 2.6600 2.6600 2.6599 
2.5136 2.4800 2.4511 2.4800 2.6591 2.8400 2.8801 2.8400 2.6600 2.4800 2.4400 2.4800 2.6600 2.8400 2.8801 2.8400 2.6591 2.4800 2.4511 2.4800 2.5136 
2.4516 2.4027 2.3600 2.4392 2.6589 2.8798 2.9600 2.8801 2.6600 2.4399 2.3600 2.4399 2.6600 2.8801 2.9600 2.8798 2.6589 2.4392 2.3600 2.4027 2.4516 
2.5117 2.4800 2.4520 2.4800 2.6590 2.8400 2.8798 2.8400 2.6600 2.4800 2.4402 2.4800 2.6600 2.8400 2.8798 2.8400 2.6590 2.4800 2.4520 2.4800 2.5117 
2.6548 2.6619 2.6630 2.6612 2.6600 2.6590 2.6589 2.6591 2.6600 2.6609 2.6610 2.6609 2.6600 2.6591 2.6589 2.6590 2.6600 2.6612 2.6630 2.6619 2.6549 
2.7912 2.8400 2.8716 2.8400 2.6612 2.4800 2.4392 2.4800 2.6600 2.8400 2.8806 2.8400 2.6600 2.4800 2.4392 2.4800 2.6612 2.8400 2.8716 2.8400 2.7912 
2.8374 2.8991 2.9600 2.8716 2.6630 2.4520 2.3600 2.4511 2.6600 2.8689 2.9600 2.8689 2.6600 2.4511 2.3600 2.4520 2.6630 2.8716 2.9600 2.8991 2.8374 
2.8014 2.8400 2.8991 2.8400 2.6619 2.4800 2.4027 2.4800 2.6600 2.8400 2.9171 2.8400 2.6600 2.4800 2.4027 2.4800 2.6619 2.8400 2.8991 2.8400 2.8015 
2.7655 2.8014 2.8374 2.7912 2.6548 2.5117 2.4516 2.5136 2.6599 2.8060 2.8674 2.8060 2.6599 2.5136 2.4516 2.5117 2.6548 2.7912 2.8373 2.8014 2.7656 
2.8055 2.8415 2.8774 2.8312 2.6949 2.5517 2.4916 2.5536 2.6999 2.8460 2.9074 2.8460 2.6999 2.5536 2.4915 2.5517 2.6948 2.8312 2.8774 2.8418 2.8069 
2.8414 2.8800 2.9391 2.8800 2.7019 2.5200 2.4427 2.5200 2.7000 2.8800 2.9571 2.8800 2.7000 2.5200 2.4427 2.5200 2.7019 2.8800 2.9390 2.8800 2.8419 
2.8773 2.9391 3.0000 2.9116 2.7030 2.4920 2.4000 2.4911 2.7000 2.9089 3.0000 2.9089 2.7000 2.4911 2.4000 2.4920 2.7030 2.9116 3.0000 2.9390 2.8774 
2.8312 2.8800 2.9116 2.8800 2.7012 2.5200 2.4792 2.5200 2.7000 2.8800 2.9206 2.8800 2.7000 2.5200 2.4792 2.5200 2.7012 2.8800 2.9116 2.8800 2.8312 
2.6948 2.7019 2.7030 2.7012 2.7000 2.6990 2.6989 2.6991 2.7000 2.7009 2.7010 2.7009 2.7000 2.6991 2.6989 2.6990 2.7000 2.7012 2.7030 2.7019 2.6948 
2.5517 2.5200 2.4920 2.5200 2.6990 2.8800 2.9198 2.8800 2.7000 2.5200 2.4802 2.5200 2.7000 2.8800 2.9198 2.8800 2.6990 2.5200 2.4920 2.5200 2.5517 
2.4916 2.4427 2.4000 2.4792 2.6989 2.9198 3.0000 2.9201 2.7000 2.4799 2.4000 2.4799 2.7000 2.9201 3.0000 2.9198 2.6989 2.4792 2.4000 2.4427 2.4915 
2.5536 2.5200 2.4911 2.5200 2.6991 2.8800 2.9201 2.8800 2.7000 2.5200 2.4800 2.5200 2.7000 2.8800 2.9201 2.8800 2.6991 2.5200 2.4911 2.5200 2.5536 
2.6999 2.7000 2.7000 2.7000 2.7000 2.7000 2.7000 2.7000 2.7000 2.7000 2.7000 2.7000 2.7000 2.7000 2.7000 2.7000 2.7000 2.7000 2.7000 2.7000 2.6999 
2.8460 2.8800 2.9089 2.8800 2.7009 2.5200 2.4799 2.5200 2.7000 2.8800 2.9200 2.8800 2.7000 2.5200 2.4799 2.5200 2.7009 2.8800 2.9089 2.8800 2.8460 
2.9074 2.9571 3.0000 2.9206 2.7010 2.4802 2.4000 2.4800 2.7000 2.9200 3.0000 2.9200 2.7000 2.4800 2.4000 2.4802 2.7010 2.9206 3.0000 2.9571 2.9074 
2.8460 2.8800 2.9089 2.8800 2.7009 2.5200 2.4799 2.5200 2.7000 2.8800 2.9200 2.8800 2.7000 2.5200 2.4799 2.5200 2.7009 2.8800 2.9089 2.8800 2.8460 
2.6999 2.7000 2.7000 2.7000 2.7000 2.7000 2.7000 2.7000 2.7000 2.7000 2.7000 2.7000 2.7000 2.7000 2.7000 2.7000 2.7000 2.7000 2.7000 2.7000 2.6999 
2.5536 2.5200 2.4911 2.5200 2.6991 2.8800 2.9201 2.8800 2.7000 2.5200 2.4800 2.5200 2.7000 2.8800 2.9201 2.8800 2.6991 2.5200 2.4911 2.5200 2.5536 
2.4916 2.4427 2.4000 2.4792 2.6989 2.9198 3.0000 2.9201 2.7000 2.4799 2.4000 2.4799 2.7000 2.9201 3.0000 2.9198 2.6989 2.4792 2.4000 2.4427 2.4916 
2.5517 2.5200 2.4920 2.5200 2.6990 2.8800 2.9198 2.8800 2.7000 2.5200 2.4802 2.5200 2.7000 2.8800 2.9198 2.8800 2.6990 2.5200 2.4920 2.5200 2.5517 
2.6948 2.7019 2.7030 2.7012 2.7000 2.6990 2.6989 2.6991 2.7000 2.7009 2.7010 2.7009 2.7000 2.6991 2.6989 2.6990 2.7000 2.7012 2.7030 2.7019 2.6949 
2.8312 2.8800 2.9116 2.8800 2.7012 2.5200 2.4792 2.5200 2.7000 2.8800 2.9206 2.8800 2.7000 2.5200 2.4792 2.5200 2.7012 2.8800 2.9116 2.8800 2.8312 
2.8774 2.9391 3.0000 2.9116 2.7030 2.4920 2.4000 2.4911 2.7000 2.9089 3.0000 2.9089 2.7000 2.4911 2.4000 2.4920 2.7030 2.9116 3.0000 2.9391 2.8774 
2.8414 2.8800 2.9391 2.8800 2.7019 2.5200 2.4427 2.5200 2.7000 2.8800 2.9571 2.8800 2.7000 2.5200 2.4427 2.5200 2.7019 2.8800 2.9391 2.8800 2.8415 
2.8055 2.8414 2.8774 2.8312 2.6948 2.5517 2.4916 2.5536 2.6999 2.8460 2.9074 2.8460 2.6999 2.5536 2.4916 2.5517 2.6948 2.8312 2.8773 2.8414 2.8056 
2.9055 2.9415 2.9774 2.9312 2.7949 2.6517 2.5916 2.6536 2.7999 2.9460 3.0074 2.9460 2.7999 2.6536 2.5915 2.6517 2.7948 2.9312 2.9774 2.9418 2.9069 
2.9414 2.9800 3.0391 2.9800 2.8019 2.6200 2.5427 2.6200 2.8000 2.9800 3.0571 2.9800 2.8000 2.6200 2.5427 2.6200 2.8019 2.9800 3.0390 2.9800 2.9419 
2.9773 3.0391 3.1000 3.0116 2.8030 2.5920 2.5000 2.5911 2.8000 3.0089 3.1000 3.0089 2.8000 2.5911 2.5000 2.5920 2.8030 3.0116 3.1000 3.0390 2.9774 
2.9312 2.9800 3.0116 2.9800 2.8012 2.6200 2.5792 2.6200 2.8000 2.9800 3.0206 2.9800 2.8000 2.6200 2.5792 2.6200 2.8012 2.9800 3.0116 2.9800 2.9312 
2.7948 2.8019 2.8030 2.8012 2.8000 2.7990 2.7989 2.7991 2.8000 2.8009 2.8010 2.8009 2.8000 2.7991 2.7989 2.7990 2.8000 2.8012 2.8030 2.8019 2.7948 
2.6517 2.6200 2.5920 2.6200 2.7990 2.9800 3.0198 2.9800 2.8000 2.6200 2.5802 2.6200 2.8000 2.9800 3.0198 2.9800 2.7990 2.6200 2.5920 2.6200 2.6517 
2.5916 2.5427 2.5000 2.5792 2.7989 3.0198 3.1000 3.0201 2.8000 2.5799 2.5000 2.5799 2.8000 3.0201 3.1000 3.0198 2.7989 2.5792 2.5000 2.5427 2.5915 
2.6536 2.6200 2.5911 2.6200 2.7991 2.9800 3.0201 2.9800 2.8000 2.6200 2.5800 2.6200 2.8000 2.9800 3.0201 2.9800 2.7991 2.6200 2.5911 2.6200 2.6536 
2.7999 2.8000 2.8000 2.8000 2.8000 2.8000 2.8000 2.8000 2.8000 2.8000 2.8000 2.8000 2.8000 2.8000 2.8000 2.8000 2.8000 2.8000 2.8000 2.8000 2.7999 
2.9460 2.9800 3.0089 2.9800 2.8009 2.6200 2.5799 2.6200 2.8000 2.9800 3.0200 2.9800 2.8000 2.6200 2.5799 2.6200 2.8009 2.9800 3.0089 2.9800 2.9460 
3.0074 3.0571 3.1000 3.0206 2.8010 2.5802 2.5000 2.5800 2.8000 3.0200 3.1000 3.0200 2.8000 2.5800 2.5000 2.5802 2.8010 3.0206 3.1000 3.0571 3.0074 
2.9460 2.9800 3.0089 2.9800 2.8009 2.6200 2.5799 2.6200 2.8000 2.9800 3.0200 2.9800 2.8000 2.6200 2.5799 2.6200 2.8009 2.9800 3.0089 2.9800 2.9460 
2.7999 2.8000 2.8000 2.8000 2.8000 2.8000 2.8000 2.8000 2.8000 2.8000 2.8000 2.8000 2.8000 2.8000 2.8000 2.8000 2.8000 2.8000 2.8000 2.8000 2.7999 
2.6536 2.6200 2.5911 2.6200 2.7991 2.9800 3.0201 2.9800 2.8000 2.6200 2.5800 2.6200 2.8000 2.9800 3.0201 2.9800 2.7991 2.6200 2.5911 2.6200 2.6536 
2.5916 2.5427 2.5000 2.5792 2.7989 3.0198 3.1000 3.0201 2.8000 2.5799 2.5000 2.5799 2.8000 3.0201 3.1000 3.0198 2.7989 2.5792 2.5000 2.5427 2.5916 
2.6517 2.6200 2.5920 2.6200 2.7990 2.9800 3.0198 2.9800 2.8000 2.6200 2.5802 2.6200 2.8000 2.9800 3.0198 2.9800 2.7990 2.6200 2.5920 2.6200 2.6517 
2.7948 2.8019 2.8030 2.8012 2.8000 2.7990 2.7989 2.7991 2.8000 2.8009 2.8010 2.8009 2.8000 2.7991 2.7989 2.7990 2.8000 2.8012 2.8030 2.8019 2.7949 
2.9312 2.9800 3.0116 2.9800 2.8012 2.6200 2.5792 2.6200 2.8000 2.9800 3.0206 2.9800 2.8000 2.6200 2.5792 2.6200 2.8012 2.9800 3.0116 2.9800 2.9312 
2.9774 3.0391 3.1000 3.0116 2.8030 2.5920 2.5000 2.5911 2.8000 3.0089 3.1000 3.0089 2.8000 2.5911 2.5000 2.5920 2.8030 3.0116 3.1000 3.0391 2.9774 
2.9414 2.9800 3.0391 2.9800 2.8019 2.6200 2.5427 2.6200 2.8000 2.9800 3.0571 2.9800 2.8000 2.6200 2.5427 2.6200 2.8019 2.9800 3.0391 2.9800 2.9415 
2.9055 2.9414 2.9774 2.9312 2.7948 2.6517 2.5916 2.6536 2.7999 2.9460 3.0074 2.9460 2.7999 2.6536 2.5916 2.6517 2.7948 2.9312 2.9773 2.9414 2.9056 
3.0055 3.0415 3.0774 3.0312 2.8949 2.7517 2.6916 2.7536 2.8999 3.0460 3.1074 3.0460 2.8999 2.7536 2.6915 2.7517 2.8948 3.0312 3.0774 3.0418 3.0069 
3.0414 3.0800 3.1391 3.0800 2.9019 2.7200 2.6427 2.7200 2.9000 3.0800 3.1571 3.0800 2.9000 2.7200 2.6427 2.7200 2.9019 3.0800 3.1390 3.0800 3.0419 
3.0773 3.1391 3.2000 3.1116 2.9030 2.6920 2.6000 2.6911 2.9000 3.1089 3.2000 3.1089 2.9000 2.6911 2.6000 2.6920 2.9030 3.1116 3.2000 3.1390 3.0774 
3.0312 3.0800 3.1116 3.0800 2.9012 2.7200 2.6792 2.7200 2.9000 3.0800 3.1206 3.0800 2.9000 2.7200 2.6792 2.7200 2.9012 3.0800 3.1116 3.0800 3.0312 
2.8948 2.9019 2.9030 2.9012 2.9000 2.8990 2.8989 2.8991 2.9000 2.9009 2.9010 2.9009 2.9000 2.8991 2.8989 2.8990 2.9000 2.9012 2.9030 2.9019 2.8948 
2.7517 2.7200 2.6920 2.7200 2.8990 3.0800 3.1198 3.0800 2.9000 2.7200 2.6802 2.7200 2.9000 3.0800 3.1198 3.0800 2.8990 2.7200 2.6920 2.7200 2.7517 
2.6916 2.6427 2.6000 2.6792 2.8989 3.1198 3.2000 3.1201 2.9000 2.6799 2.6000 2.6799 2.9000 3.1201 3.2000 3.1198 2.8989 2.6792 2.6000 2.6427 2.6915 
2.7536 2.7200 2.6911 2.7200 2.8991 3.0800 3.1201 3.0800 2.9000 2.7200 2.6800 2.7200 2.9000 3.0800 3.1201 3.0800 2.8991 2.7200 2.6911 2.7200 2.7536 
2.8999 2.9000 2.9000 2.9000 2.9000 2.9000 2.9000 2.9000 2.9000 2.9000 2.9000 2.9000 2.9000 2.9000 2.9000 2.9000 2.9000 2.9000 2.9000 2.9000 2.8999 
3.0460 3.0800 3.1089 3.0800 2.9009 2.7200 2.6799 2.7200 2.9000 3.0800 3.1200 3.0800 2.9000 2.7200 2.6799 2.7200 2.9009 3.0800 3.1089 3.0800 3.0460 
3.1074 3.1571 3.2000 3.1206 2.9010 2.6802 2.6000 2.6800 2.9000 3.1200 3.2000 3.1200 2.9000 2.6800 2.6000 2.6802 2.9010 3.1206 3.2000 3.1571 3.1074 
3.0460 3.0800 3.1089 3.0800 2.9009 2.7200 2.6799 2.7200 2.9000 3.0800 3.1200 3.0800 2.9000 2.7200 2.6799 2.7200 2.9009 3.0800 3.1089 3.0800 3.0460 
2.8999 2.9000 2.9000 2.9000 2.9000 2.9000 2.9000 2.9000 2.9000 2.9000 2.9000 2.9000 2.9000 2.9000 2.9000 2.9000 2.9000 2.9000 2.9000 2.9000 2.8999 
2.7536 2.7200 2.6911 2.7200 2.8991 3.0800 3.1201 3.0800 2.9000 2.7200 2.6800 2.7200 2.9000 3.0800 3.1201 3.0800 2.8991 2.7200 2.6911 2.7200 2.7536 
2.6916 2.6427 2.6000 2.6792 2.8989 3.1198 3.2000 3.1201 2.9000 2.6799 2.6000 2.6799 2.9000 3.1201 3.2000 3.1198 2.8989 2.6792 2.6000 2.6427 2.6916 
2.7517 2.7200 2.6920 2.7200 2.8990 3.0800 3.1198 3.0800 2.9000 2.7200 2.6802 2.7200 2.9000 3.0800 3.1198 3.0800 2.8990 2.7200 2.6920 2.7200 2.7517 
2.8948 2.9019 2.9030 2.9012 2.9000 2.8990 2.8989 2.8991 2.9000 2.9009 2.9010 2.9009 2.9000 2.8991 2.8989 2.8990 2.9000 2.9012 2.9030 2.9019 2.8949 
3.0312 3.0800 3.1116 3.0800 2.9012 2.7200 2.6792 2.7200 2.9000 3.0800 3.1206 3.0800 2.9000 2.7200 2.6792 2.7200 2.9012 3.0800 3.1116 3.0800 3.0312 
3.0774 3.1391 3.2000 3.1116 2.9030 2.6920 2.6000 2.6911 2.9000 3.1089 3.2000 3.1089 2.9000 2.6911 2.6000 2.6920 2.9030 3.1116 3.2000 3.1391 3.0774 
3.0414 3.0800 3.1391 3.0800 2.9019 2.7200 2.6427 2.7200 2.9000 3.0800 3.1571 3.0800 2.9000 2.7200 2.6427 2.7200 2.9019 3.0800 3.1391 3.0800 3.0415 
3.0055 3.0414 3.0774 3.0312 2.8948 2.7517 2.6916 2.7536 2.8999 3.0460 3.1074 3.0460 2.8999 2.7536 2.6916 2.7517 2.8948 3.0312 3.0773 3.0414 3.0056 
3.1055 3.1415 3.1774 3.1312 2.9949 2.8517 2.7916 2.8536 2.9999 3.1460 3.2074 3.1460 2.9999 2.8536 2.7915 2.8517 2.9948 3.1312 3.1774 3.1418 3.1069 
3.1414 3.1800 3.2391 3.1800 3.0019 2.8200 2.7427 2.8200 3.0000 3.1800 3.2571 3.1800 3.0000 2.8200 2.7427 2.8200 3.0019 3.1800 3.2390 3.1800 3.1419 
3.1773 3.2391 3.3000 3.2116 3.0030 2.7920 2.7000 2.7911 3.0000 3.2089 3.3000 3.2089 3.0000 2.7911 2.7000 2.7920 3.0030 3.2116 3.3000 3.2390 3.1774 
3.1312 3.1800 3.2116 3.1800 3.0012 2.8200 2.7792 2.8200 3.0000 3.1800 3.2206 3.1800 3.0000 2.8200 2.7792 2.8200 3.0012 3.1800 3.2116 3.1800 3.1312 
2.9948 3.0019 3.0030 3.0012 3.0000 2.9990 2.9989 2.9991 3.0000 3.0009 3.0010 3.0009 3.0000 2.9991 2.9989 2.9990 3.0000 3.0012 3.0030 3.0019 2.9948 
2.8517 2.8200 2.7920 2.8200 2.9990 3.1800 3.2198 3.1800 3.0000 2.8200 2.7802 2.8200 3.0000 3.1800 3.2198 3.1800 2.9990 2.8200 2.7920 2.8200 2.8517 
2.7916 2.7427 2.7000 2.7792 2.9989 3.2198 3.3000 3.2201 3.0000 2.7799 2.7000 2.7799 3.0000 3.2201 3.3000 3.2198 2.9989 2.7792 2.7000 2.7427 2.7915 
2.8536 2.8200 2.7911 2.8200 2.9991 3.1800 3.2201 3.1800 3.0000 2.8200 2.7800 2.8200 3.0000 3.1800 3.2201 3.1800 2.9991 2.8200 2.7911 2.8200 2.8536 
2.9999 3.0000 3.0000 3.0000 3.0000 3.0000 3.0000 3.0000 3.0000 3.0000 3.0000 3.0000 3.0000 3.0000 3.0000 3.0000 3.0000 3.0000 3.0000 3.0000 2.9999 
3.1460 3.1800 3.2089 3.1800 3.0009 2.8200 2.7799 2.8200 3.0000 3.1800 3.2200 3.1800 3.0000 2.8200 2.7799 2.8200 3.0009 3.1800 3.2089 3.1800 3.1460 
3.2074 3.2571 3.3000 3.2206 3.0010 2.7802 2.7000 2.7800 3.0000 3.2200 3.3000 3.2200 3.0000 2.7800 2.7000 2.7802 3.0010 3.2206 3.3000 3.2571 3.2074 
3.1460 3.1800 3.2089 3.1800 3.0009 2.8200 2.7799 2.8200 3.0000 3.1800 3.2200 3.1800 3.0000 2.8200 2.7799 2.8200 3.0009 3.1800 3.2089 3.1800 3.1460 
2.9999 3.0000 3.0000 3.0000 3.0000 3.0000 3.0000 3.0000 3.0000 3.0000 3.0000 3.0000 3.0000 3.0000 3.0000 3.0000 3.0000 3.0000 3.0000 3.0000 2.9999 
2.8536 2.8200 2.7911 2.8200 2.9991 3.1800 3.2201 3.1800 3.0000 2.8200 2.7800 2.8200 3.0000 3.1800 3.2201 3.1800 2.9991 2.8200 2.7911 2.8200 2.8536 
2.7916 2.7427 2.7000 2.7792 2.9989 3.2198 3.3000 3.2201 3.0000 2.7799 2.7000 2.7799 3.0000 3.2201 3.3000 3.2198 2.9989 2.7792 2.7000 2.7427 2.7916 
2.8517 2.8200 2.7920 2.8200 2.9990 3.1800 3.2198 3.1800 3.0000 2.8200 2.7802 2.8200 3.0000 3.1800 3.2198 3.1800 2.9990 2.8200 2.7920 2.8200 2.8517 
2.9948 3.0019 3.0030 3.0012 3.0000 2.9990 2.9989 2.9991 3.0000 3.0009 3.0010 3.0009 3.0000 2.9991 2.9989 2.9990 3.0000 3.0012 3.0030 3.0019 2.9949 
3.1312 3.1800 3.2116 3.1800 3.0012 2.8200 2.7792 2.8200 3.0000 3.1800 3.2206 3.1800 3.0000 2.8200 2.7792 2.8200 3.0012 3.1800 3.2116 3.1800 3.1312 
3.1774 3.2391 3.3000 3.2116 3.0030 2.7920 2.7000 2.7911 3.0000 3.2089 3.3000 3.2089 3.0000 2.7911 2.7000 2.7920 3.0030 3.2116 3.3000 3.2391 3.1774 
3.1414 3.1800 3.2391 3.1800 3.0019 2.8200 2.7427 2.8200 3.0000 3.1800 3.2571 3.1800 3.0000 2.8200 2.7427 2.8200 3.0019 3.1800 3.2391 3.1800 3.1415 
3.1055 3.1414 3.1774 3.1312 2.9948 2.8517 2.7916 2.8536 2.9999 3.1460 3.2074 3.1460 2.9999 2.8536 2.7916 2.8517 2.9948 3.1312 3.1773 3.1414 3.1056 
3.2055 3.2415 3.2774 3.2312 3.0949 2.9517 2.8916 2.9536 3.0999 3.2460 3.3074 3.2460 3.0999 2.9536 2.8915 2.9517 3.0948 3.2312 3.2774 3.2418 3.2069 
3.2414 3.2800 3.3391 3.2800 3.1019 2.9200 2.8427 2.9200 3.1000 3.2800 3.3571 3.2800 3.1000 2.9200 2.8427 2.9200 3.1019 3.2800 3.3390 3.2800 3.2419 
3.2773 3.3391 3.4000 3.3116 3.1030 2.8920 2.8000 2.8911 3.1000 3.3089 3.4000 3.3089 3.1000 2.8911 2.8000 2.8920 3.1030 3.3116 3.4000 3.3390 3.2774 
3.2312 3.2800 3.3116 3.2800 3.1012 2.9200 2.8792 2.9200 3.1000 3.2800 3.3206 3.2800 3.1000 2.9200 2.8792 2.9200 3.1012 3.2800 3.3116 3.2800 3.2312 
3.0948 3.1019 3.1030 3.1012 3.1000 3.0990 3.0989 3.0991 3.1000 3.1009 3.1010 3.1009 3.1000 3.0991 3.0989 3.0990 3.1000 3.1012 3.1030 3.1019 3.0948 
2.9517 2.9200 2.8920 2.9200 3.0990 3.2800 3.3198 3.2800 3.1000 2.9200 2.8802 2.9200 3.1000 3.2800 3.3198 3.2800 3.0990 2.9200 2.8920 2.9200 2.9517 
2.8916 2.8427 2.8000 2.8792 3.0989 3.3198 3.4000 3.3201 3.1000 2.8799 2.8000 2.8799 3.1000 3.3201 3.4000 3.3198 3.0989 2.8792 2.8000 2.8427 2.8915 
2.9536 2.9200 2.8911 2.9200 3.0991 3.2800 3.3201 3.2800 3.1000 2.9200 2.8800 2.9200 3.1000 3.2800 3.3201 3.2800 3.0991 2.9200 2.8911 2.9200 2.9536 
3.0999 3.1000 3.1000 3.1000 3.1000 3.1000 3.1000 3.1000 3.1000 3.1000 3.1000 3.1000 3.1000 3.1000 3.1000 3.1000 3.1000 3.1000 3.1000 3.1000 3.0999 
3.2460 3.2800 3.3089 3.2800 3.1009 2.9200 2.8799 2.9200 3.1000 3.2800 3.3200 3.2800 3.1000 2.9200 2.8799 2.9200 3.1009 3.2800 3.3089 3.2800 3.2460 
3.3074 3.3571 3.4000 3.3206 3.1010 2.8802 2.8000 2.8800 3.1000 3.3200 3.4000 3.3200 3.1000 2.8800 2.8000 2.8802 3.1010 3.3206 3.4000 3.3571 3.3074 
3.2460 3.2800 3.3089 3.2800 3.1009 2.9200 2.8799 2.9200 3.1000 3.2800 3.3200 3.2800 3.1000 2.9200 2.8799 2.9200 3.1009 3.2800 3.3089 3.2800 3.2460 
3.0999 3.1000 3.1000 3.1000 3.1000 3.1000 3.1000 3.1000 3.1000 3.1000 3.1000 3.1000 3.1000 3.1000 3.1000 3.1000 3.1000 3.1000 3.1000 3.1000 3.0999 
2.9536 2.9200 2.8911 2.9200 3.0991 3.2800 3.3201 3.2800 3.1000 2.9200 2.8800 2.9200 3.1000 3.2800 3.3201 3.2800 3.0991 2.9200 2.8911 2.9200 2.9536 
2.8916 2.8427 2.8000 2.8792 3.0989 3.3198 3.4000 3.3201 3.1000 2.8799 2.8000 2.8799 3.1000 3.3201 3.4000 3.3198 3.0989 2.8792 2.8000 2.8427 2.8916 
2.9517 2.9200 2.8920 2.9200 3.0990 3.2800 3.3198 3.2800 3.1000 2.9200 2.8802 2.9200 3.1000 3.2800 3.3198 3.2800 3.0990 2.9200 2.8920 2.9200 2.9517 
3.0948 3.1019 3.1030 3.1012 3.1000 3.0990 3.0989 3.0991 3.1000 3.1009 3.1010 3.1009 3.1000 3.0991 3.0989 3.0990 3.1000 3.1012 3.1030 3.1019 3.0949 
3.2312 3.2800 3.3116 3.2800 3.1012 2.9200 2.8792 2.9200 3.1000 3.2800 3.3206 3.2800 3.1000 2.9200 2.8792 2.9200 3.1012 3.2800 3.3116 3.2800 3.2312 
3.2774 3.3391 3.4000 3.3116 3.1030 2.8920 2.8000 2.8911 3.1000 3.3089 3.4000 3.3089 3.1000 2.8911 2.8000 2.8920 3.1030 3.3116 3.4000 3.3391 3.2774 
3.2414 3.2800 3.3391 3.2800 3.1019 2.9200 2.8427 2.9200 3.1000 3.2800 3.3571 3.2800 3.1000 2.9200 2.8427 2.9200 3.1019 3.2800 3.3391 3.2800 3.2415 
3.2055 3.2414 3.2774 3.2312 3.0948 2.9517 2.8916 2.9536 3.0999 3.2460 3.3074 3.2460 3.0999 2.9536 2.8916 2.9517 3.0948 3.2312 3.2773 3.2414 3.2056 
3.3055 3.3415 3.3774 3.3312 3.1949 3.0517 2.9916 3.0536 3.1999 3.3460 3.4074 3.3460 3.1999 3.0536 2.9915 3.0517 3.1948 3.3312 3.3774 3.3418 3.3069 
3.3414 3.3800 3.4391 3.3800 3.2019 3.0200 2.9427 3.0200 3.2000 3.3800 3.4571 3.3800 3.2000 3.0200 2.9427 3.0200 3.2019 3.3800 3.4390 3.3800 3.3419 
3.3773 3.4391 3.5000 3.4116 3.2030 2.9920 2.9000 2.9911 3.2000 3.4089 3.5000 3.4089 3.2000 2.9911 2.9000 2.9920 3.2030 3.4116 3.5000 3.4390 3.3774 
3.3312 3.3800 3.4116 3.3800 3.2012 3.0200 2.9792 3.0200 3.2000 3.3800 3.4206 3.3800 3.2000 3.0200 2.9792 3.0200 3.2012 3.3800 3.4116 3.3800 3.3312 
3.1948 3.2019 3.2030 3.2012 3.2000 3.1990 3.1989 3.1991 3.2000 3.2009 3.2010 3.2009 3.2000 3.1991 3.1989 3.1990 3.2000 3.2012 3.2030 3.2019 3.1948 
3.0517 3.0200 2.9920 3.0200 3.1990 3.3800 3.4198 3.3800 3.2000 3.0200 2.9802 3.0200 3.2000 3.3800 3.4198 3.3800 3.1990 3.0200 2.9920 3.0200 3.0517 
2.9916 2.9427 2.9000 2.9792 3.1989 3.4198 3.5000 3.4201 3.2000 2.9799 2.9000 2.9799 3.2000 3.4201 3.5000 3.4198 3.1989 2.9792 2.9000 2.9427 2.9915 
3.0536 3.0200 2.9911 3.0200 3.1991 3.3800 3.4201 3.3800 3.2000 3.0200 2.9800 3.0200 3.2000 3.3800 3.4201 3.3800 3.1991 3.0200 2.9911 3.0200 3.0536 
3.1999 3.2000 3.2000 3.2000 3.2000 3.2000 3.2000 3.2000 3.2000 3.2000 3.2000 3.2000 3.2000 3.2000 3.2000 3.2000 3.2000 3.2000 3.2000 3.2000 3.1999 
3.3460 3.3800 3.4089 3.3800 3.2009 3.0200 2.9799 3.0200 3.2000 3.3800 3.4200 3.3800 3.2000 3.0200 2.9799 3.0200 3.2009 3.3800 3.4089 3.3800 3.3460 
3.4074 3.4571 3.5000 3.4206 3.2010 2.9802 2.9000 2.9800 3.2000 3.4200 3.5000 3.4200 3.2000 2.9800 2.9000 2.9802 3.2010 3.4206 3.5000 3.4571 3.4074 
3.3460 3.3800 3.4089 3.3800 3.2009 3.0200 2.9799 3.0200 3.2000 3.3800 3.4200 3.3800 3.2000 3.0200 2.9799 3.0200 3.2009 3.3800 3.4089 3.3800 3.3460 
3.1999 3.2000 3.2000 3.2000 3.2000 3.2000 3.2000 3.2000 3.2000 3.2000 3.2000 3.2000 3.2000 3.2000 3.2000 3.2000 3.2000 3.2000 3.2000 3.2000 3.1999 
3.0536 3.0200 2.9911 3.0200 3.1991 3.3800 3.4201 3.3800 3.2000 3.0200 2.9800 3.0200 3.2000 3.3800 3.4201 3.3800 3.1991 3.0200 2.9911 3.0200 3.0536 
2.9916 2.9427 2.9000 2.9792 3.1989 3.4198 3.5000 3.4201 3.2000 2.9799 2.9000 2.9799 3.2000 3.4201 3.5000 3.4198 3.1989 2.9792 2.9000 2.9427 2.9916 
3.0517 3.0200 2.9920 3.0200 3.1990 3.3800 3.4198 3.3800 3.2000 3.0200 2.9802 3.0200 3.2000 3.3800 3.4198 3.3800 3.1990 3.0200 2.9920 3.0200 3.0517 
3.1948 3.2019 3.2030 3.2012 3.2000 3.1990 3.1989 3.1991 3.2000 3.2009 3.2010 3.2009 3.2000 3.1991 3.1989 3.1990 3.2000 3.2012 3.2030 3.2019 3.1949 
3.3312 3.3800 3.4116 3.3800 3.2012 3.0200 2.9792 3.0200 3.2000 3.3800 3.4206 3.3800 3.2000 3.0200 2.9792 3.0200 3.2012 3.3800 3.4116 3.3800 3.3312 
3.3774 3.4391 3.5000 3.4116 3.2030 2.9920 2.9000 2.9911 3.2000 3.4089 3.5000 3.4089 3.2000 2.9911 2.9000 2.9920 3.2030 3.4116 3.5000 3.4391 3.3774 
3.3414 3.3800 3.4391 3.3800 3.2019 3.0200 2.9427 3.0200 3.2000 3.3800 3.4571 3.3800 3.2000 3.0200 2.9427 3.0200 3.2019 3.3800 3.4391 3.3800 3.3415 
3.3055 3.3414 3.3774 3.3312 3.1948 3.0517 2.9916 3.0536 3.1999 3.3460 3.4074 3.3460 3.1999 3.0536 2.9916 3.0517 3.1948 3.3312 3.3773 3.3414 3.3056 
3.4055 3.4415 3.4774 3.4312 3.2949 3.1517 3.0916 3.1536 3.2999 3.4460 3.5074 3.4460 3.2999 3.1536 3.0915 3.1517 3.2948 3.4312 3.4774 3.4418 3.4069 
3.4414 3.4800 3.5391 3.4800 3.3019 3.1200 3.0427 3.1200 3.3000 3.4800 3.5571 3.4800 3.3000 3.1200 3.0427 3.1200 3.3019 3.4800 3.5390 3.4800 3.4419 
3.4773 3.5391 3.6000 3.5116 3.3030 3.0920 3.0000 3.0911 3.3000 3.5089 3.6000 3.5089 3.3000 3.0911 3.0000 3.0920 3.3030 3.5116 3.6000 3.5390 3.4774 
3.4312 3.4800 3.5116 3.4800 3.3012 3.1200 3.0792 3.1200 3.3000 3.4800 3.5206 3.4800 3.3000 3.1200 3.0792 3.1200 3.3012 3.4800 3.5116 3.4800 3.4312 
3.2948 3.3019 3.3030 3.3012 3.3000 3.2990 3.2989 3.2991 3.3000 3.3009 3.3010 3.3009 3.3000 3.2991 3.2989 3.2990 3.3000 3.3012 3.3030 3.3019 3.2948 
3.1517 3.1200 3.0920 3.1200 3.2990 3.4800 3.5198 3.4800 3.3000 3.1200 3.0802 3.1200 3.3000 3.4800 3.5198 3.4800 3.2990 3.1200 3.0920 3.1200 3.1517 
3.0916 3.0427 3.0000 3.0792 3.2989 3.5198 3.6000 3.5201 3.3000 3.0799 3.0000 3.0799 3.3000 3.5201 3.6000 3.5198 3.2989 3.0792 3.0000 3.0427 3.0915 
3.1536 3.1200 3.0911 3.1200 3.2991 3.4800 3.5201 3.4800 3.3000 3.1200 3.0800 3.1200 3.3000 3.4800 3.5201 3.4800 3.2991 3.1200 3.0911 3.1200 3.1536 
3.2999 3.3000 3.3000 3.3000 3.3000 3.3000 3.3000 3.3000 3.3000 3.3000 3.3000 3.3000 3.3000 3.3000 3.3000 3.3000 3.3000 3.3000 3.3000 3.3000 3.2999 
3.4460 3.4800 3.5089 3.4800 3.3009 3.1200 3.0799 3.1200 3.3000 3.4800 3.5200 3.4800 3.3000 3.1200 3.0799 3.1200 3.3009 3.4800 3.5089 3.4800 3.4460 
3.5074 3.5571 3.6000 3.5206 3.3010 3.0802 3.0000 3.0800 3.3000 3.5200 3.6000 3.5200 3.3000 3.0800 3.0000 3.0802 3.3010 3.5206 3.6000 3.5571 3.5074 
3.4460 3.4800 3.5089 3.4800 3.3009 3.1200 3.0799 3.1200 3.3000 3.4800 3.5200 3.4800 3.3000 3.1200 3.0799 3.1200 3.3009 3.4800 3.5089 3.4800 3.4460 
3.2999 3.3000 3.3000 3.3000 3.3000 3.3000 3.3000 3.3000 3.3000 3.3000 3.3000 3.3000 3.3000 3.3000 3.3000 3.3000 3.3000 3.3000 3.3000 3.3000 3.2999 
3.1536 3.1200 3.0911 3.1200 3.2991 3.4800 3.5201 3.4800 3.3000 3.1200 3.0800 3.1200 3.3000 3.4800 3.5201 3.4800 3.2991 3.1200 3.0911 3.1200 3.1536 
3.0916 3.0427 3.0000 3.0792 3.2989 3.5198 3.6000 3.5201 3.3000 3.0799 3.0000 3.0799 3.3000 3.5201 3.6000 3.5198 3.2989 3.0792 3.0000 3.0427 3.0916 
3.1517 3.1200 3.0920 3.1200 3.2990 3.4800 3.5198 3.4800 3.3000 3.1200 3.0802 3.1200 3.3000 3.4800 3.5198 3.4800 3.2990 3.1200 3.0920 3.1200 3.1517 
3.2948 3.3019 3.3030 3.3012 3.3000 3.2990 3.2989 3.2991 3.3000 3.3009 3.3010 3.3009 3.3000 3.2991 3.2989 3.2990 3.3000 3.3012 3.3030 3.3019 3.2949 
3.4312 3.4800 3.5116 3.4800 3.3012 3.1200 3.0792 3.1200 3.3000 3.4800 3.5206 3.4800 3.3000 3.1200 3.0792 3.1200 3.3012 3.4800 3.5116 3.4800 3.4312 
3.4774 3.5391 3.6000 3.5116 3.3030 3.0920 3.0000 3.0911 3.3000 3.5089 3.6000 3.5089 3.3000 3.0911 3.0000 3.0920 3.3030 3.5116 3.6000 3.5391 3.4774 
3.4414 3.4800 3.5391 3.4800 3.3019 3.1200 3.0427 3.1200 3.3000 3.4800 3.5571 3.4800 3.3000 3.1200 3.0427 3.1200 3.3019 3.4800 3.5391 3.4800 3.4415 
3.4055 3.4414 3.4774 3.4312 3.2948 3.1517 3.0916 3.1536 3.2999 3.4460 3.5074 3.4460 3.2999 3.1536 3.0916 3.1517 3.2948 3.4312 3.4773 3.4414 3.4056 
3.5055 3.5415 3.5774 3.5312 3.3949 3.2517 3.1916 3.2536 3.3999 3.5460 3.6074 3.5460 3.3999 3.2536 3.1915 3.2517 3.3948 3.5312 3.5774 3.5418 3.5069 
3.5414 3.5800 3.6391 3.5800 3.4019 3.2200 3.1427 3.2200 3.4000 3.5800 3.6571 3.5800 3.4000 3.2200 3.1427 3.2200 3.4019 3.5800 3.6390 3.5800 3.5419 
3.5773 3.6391 3.7000 3.6116 3.4030 3.1920 3.1000 3.1911 3.4000 3.6089 3.7000 3.6089 3.4000 3.1911 3.1000 3.1920 3.4030 3.6116 3.7000 3.6390 3.5774 
3.5312 3.5800 3.6116 3.5800 3.4012 3.2200 3.1792 3.2200 3.4000 3.5800 3.6206 3.5800 3.4000 3.2200 3.1792 3.2200 3.4012 3.5800 3.6116 3.5800 3.5312 
3.3948 3.4019 3.4030 3.4012 3.4000 3.3990 3.3989 3.3991 3.4000 3.4009 3.4010 3.4009 3.4000 3.3991 3.3989 3.3990 3.4000 3.4012 3.4030 3.4019 3.3948 
3.2517 3.2200 3.1920 3.2200 3.3990 3.5800 3.6198 3.5800 3.4000 3.2200 3.1802 3.2200 3.4000 3.5800 3.6198 3.5800 3.3990 3.2200 3.1920 3.2200 3.2517 
3.1916 3.1427 3.1000 3.1792 3.3989 3.6198 3.7000 3.6201 3.4000 3.1799 3.1000 3.1799 3.4000 3.6201 3.7000 3.6198 3.3989 3.1792 3.1000 3.1427 3.1915 
3.2536 3.2200 3.1911 3.2200 3.3991 3.5800 3.6201 3.5800 3.4000 3.2200 3.1800 3.2200 3.4000 3.5800 3.6201 3.5800 3.3991 3.2200 3.1911 3.2200 3.2536 
3.3999 3.4000 3.4000 3.4000 3.4000 3.4000 3.4000 3.4000 3.4000 3.4000 3.4000 3.4000 3.4000 3.4000 3.4000 3.4000 3.4000 3.4000 3.4000 3.4000 3.3999 
3.5460 3.5800 3.6089 3.5800 3.4009 3.2200 3.1799 3.2200 3.4000 3.5800 3.6200 3.5800 3.4000 3.2200 3.1799 3.2200 3.4009 3.5800 3.6089 3.5800 3.5460 
3.6074 3.6571 3.7000 3.6206 3.4010 3.1802 3.1000 3.1800 3.4000 3.6200 3.7000 3.6200 3.4000 3.1800 3.1000 3.1802 3.4010 3.6206 3.7000 3.6571 3.6074 
3.5460 3.5800 3.6089 3.5800 3.4009 3.2200 3.1799 3.2200 3.4000 3.5800 3.6200 3.5800 3.4000 3.2200 3.1799 3.2200 3.4009 3.5800 3.6089 3.5800 3.5460 
3.3999 3.4000 3.4000 3.4000 3.4000 3.4000 3.4000 3.4000 3.4000 3.4000 3.4000 3.4000 3.4000 3.4000 3.4000 3.4000 3.4000 3.4000 3.4000 3.4000 3.3999 
3.2536 3.2200 3.1911 3.2200 3.3991 3.5800 3.6201 3.5800 3.4000 3.2200 3.1800 3.2200 3.4000 3.5800 3.6201 3.5800 3.3991 3.2200 3.1911 3.2200 3.2536 
3.1916 3.1427 3.1000 3.1792 3.3989 3.6198 3.7000 3.6201 3.4000 3.1799 3.1000 3.1799 3.4000 3.6201 3.7000 3.6198 3.3989 3.1792 3.1000 3.1427 3.1916 
3.2517 3.2200 3.1920 3.2200 3.3990 3.5800 3.6198 3.5800 3.4000 3.2200 3.1802 3.2200 3.4000 3.5800 3.6198 3.5800 3.3990 3.2200 3.1920 3.2200 3.2517 
3.3948 3.4019 3.4030 3.4012 3.4000 3.3990 3.3989 3.3991 3.4000 3.4009 3.4010 3.4009 3.4000 3.3991 3.3989 3.3990 3.4000 3.4012 3.4030 3.4019 3.3949 
